-9.281999999999999973e-02
-9.094484848484848949e-02
-8.906969696969696537e-02
-8.719454545454545513e-02
-8.531939393939394489e-02
-8.344424242424242077e-02
-8.156909090909091054e-02
-7.969393939393940030e-02
-7.781878787878787618e-02
-7.594363636363636594e-02
-7.406848484848485570e-02
-7.219333333333333158e-02
-7.031818181818182134e-02
-6.844303030303029722e-02
-6.656787878787878698e-02
-6.469272727272726287e-02
-6.281757575757575263e-02
-6.094242424242424239e-02
-5.906727272727272521e-02
-5.719212121212120803e-02
-5.531696969696969779e-02
-5.344181818181818061e-02
-5.156666666666666343e-02
-4.969151515151514625e-02
-4.781636363636363601e-02
-4.594121212121211884e-02
-4.406606060606060166e-02
-4.219090909090909142e-02
-4.031575757575757424e-02
-3.844060606060605706e-02
-3.656545454545453988e-02
-3.469030303030302964e-02
-3.281515151515151246e-02
-3.093999999999999528e-02
-2.906484848484848504e-02
-2.718969696969696093e-02
-2.531454545454545069e-02
-2.343939393939394045e-02
-2.156424242424241633e-02
-1.968909090909090609e-02
-1.781393939393939585e-02
-1.593878787878787173e-02
-1.406363636363636149e-02
-1.218848484848485125e-02
-1.031333333333332714e-02
-8.438181818181816896e-03
-6.563030303030292778e-03
-4.687878787878782538e-03
-2.812727272727272299e-03
-9.375757575757481810e-04
9.375757575757620588e-04
2.812727272727272299e-03
4.687878787878796416e-03
6.563030303030306656e-03
8.438181818181816896e-03
1.031333333333334101e-02
1.218848484848485125e-02
1.406363636363636149e-02
1.593878787878788561e-02
1.781393939393939585e-02
1.968909090909091997e-02
2.156424242424243021e-02
2.343939393939394045e-02
2.531454545454546456e-02
2.718969696969697480e-02
2.906484848484848504e-02
3.094000000000000916e-02
3.281515151515153328e-02
3.469030303030302964e-02
3.656545454545455376e-02
3.844060606060607788e-02
4.031575757575757424e-02
4.219090909090909836e-02
4.406606060606062247e-02
4.594121212121211884e-02
4.781636363636364295e-02
4.969151515151516707e-02
5.156666666666666343e-02
5.344181818181818755e-02
5.531696969696971167e-02
5.719212121212120803e-02
5.906727272727273215e-02
6.094242424242425626e-02
6.281757575757575263e-02
6.469272727272727674e-02
6.656787878787880086e-02
6.844303030303029722e-02
7.031818181818182134e-02
7.219333333333334546e-02
7.406848484848484182e-02
7.594363636363636594e-02
7.781878787878789006e-02
7.969393939393941417e-02
8.156909090909091054e-02
8.344424242424243465e-02
8.531939393939395877e-02
8.719454545454545513e-02
8.906969696969697925e-02
9.094484848484850337e-02
9.281999999999999973e-02
