3.797704428941139021e+00 1.559160180474379986e+00 -1.608449422270609830e+00 1.971949846254948966e+02
4.063502200225270755e+00 1.408565776496103927e+00 -1.461129700179263580e+00 4.042125349069904416e+01
4.190533791989099477e+00 1.333783608735183979e+00 -1.385365751706949311e+00 2.952885388744287809e+01
4.288181349955547006e+00 1.275193490681678421e+00 -1.325196349697215226e+00 2.457981862240859527e+01
4.371133353100498553e+00 1.224833305243774539e+00 -1.273041939764315345e+00 2.158998029319701573e+01
4.445053741756192167e+00 1.179638926805964161e+00 -1.225964587911025916e+00 1.952982580968583193e+01
4.512820208026846913e+00 1.138055335769942555e+00 -1.182465332025593341e+00 1.799698346568097307e+01
4.576125802583386637e+00 1.099168463566034593e+00 -1.141659299224055957e+00 1.679736728409835322e+01
4.636064099340977407e+00 1.062388483276927253e+00 -1.102973494240330865e+00 1.582427580994130345e+01
4.693389271610919344e+00 1.027309202648037045e+00 -1.066012143915664012e+00 1.501352008270553817e+01
4.748647520110030662e+00 9.936370656982911331e-01 -1.030488490661621626e+00 1.432384755110695451e+01
4.802249870691908562e+00 9.611518495088945402e-01 -9.961869303823824850e-01 1.372736804351013618e+01
4.854515388299025958e+00 9.296833431144129190e-01 -9.629404912280783435e-01 1.320445289286993429e+01
4.905698262230629325e+00 8.990967355252623694e-01 -9.306166916959917046e-01 1.274082955265207140e+01
4.956005544656520989e+00 8.692830493648133761e-01 -8.991082636782312676e-01 1.232583545070913544e+01
5.005609197693980050e+00 8.401526465973024882e-01 -8.683268433942590292e-01 1.195132116100867670e+01
5.054654529822264486e+00 8.116306834003027548e-01 -8.381985487330467777e-01 1.161093546601968995e+01
5.103266261228616152e+00 7.836538454286080535e-01 -8.086607978221120874e-01 1.129964444122969169e+01
5.151552985555134967e+00 7.561679495399075135e-01 -7.796599688328864630e-01 1.101339906617671360e+01
5.199610519189741709e+00 7.291261471520555926e-01 -7.511496447221936990e-01 1.074890000143975399e+01
5.247524461577297572e+00 7.024875548522666602e-01 -7.230892739075542863e-01 1.050342763665359058e+01
5.295372185048924152e+00 6.762161945042070021e-01 -6.954431326025272142e-01 1.027471701898715750e+01
5.343224405103337737e+00 6.502801615431997861e-01 -6.681795098073806116e-01 1.006086428749135742e+01
5.391146437516410650e+00 6.246509641872676211e-01 -6.412700592419078305e-01 9.860255637971228282e+00
5.439199218624644061e+00 5.993029924970668665e-01 -6.146892782278605694e-01 9.671512670724512262e+00
5.487440144491232630e+00 5.742130873597440788e-01 -5.884140843491891815e-01 9.493449831912361248e+00
5.535923770232143326e+00 5.493601872697747579e-01 -5.624234682993076717e-01 9.325040905508176436e+00
5.584702400528025912e+00 5.247250363262141448e-01 -5.366982067221073294e-01 9.165392363777918661e+00
5.633826594962249246e+00 5.002899408691664496e-01 -5.112206227528943714e-01 9.013721975131819164e+00
5.683345606437010922e+00 4.760385651071096236e-01 -4.859743848207074279e-01 8.869341484754174942e+00
5.733307766944696127e+00 4.519557582560275732e-01 -4.609443363902823165e-01 8.731642481228250929e+00
5.783760832011457076e+00 4.280274073365464838e-01 -4.361163509088719081e-01 8.600084778049161827e+00
5.834752292906165927e+00 4.042403110061059124e-01 -4.114772074256052292e-01 8.474186796980397673e+00
5.886329664035190312e+00 3.805820707429296568e-01 -3.870144832712352212e-01 8.353517557365524482e+00
5.938540751663746953e+00 3.570409964261677671e-01 -3.627164608961823689e-01 8.237689963184370967e+00
5.991433909150313042e+00 3.336060239188199938e-01 -3.385720465172106231e-01 8.126355145985483475e+00
6.045058283150210876e+00 3.102666427051657960e-01 -3.145706986574392516e-01 8.019197672371499053e+00
6.099464054701503990e+00 2.870128319813404216e-01 -2.907023650064051168e-01 7.915931463654016120e+00
6.154702678719167430e+00 2.638350038774069373e-01 -2.669574262991218916e-01 7.816296305441555958e+00
6.210827125142730942e+00 2.407239527101121823e-01 -2.433266461311669460e-01 7.720054848505467859e+00
6.267892124813267074e+00 2.176708093441597769e-01 -2.198011258015419855e-01 7.626990020805126669e+00
6.325954423066883159e+00 1.946669998837061433e-01 -1.963722634164719594e-01 7.536902785236690328e+00
6.385073044021746469e+00 1.717042080322778164e-01 -1.730317166016543950e-01 7.449610189369317403e+00
6.445309568596754524e+00 1.487743405539115327e-01 -1.497713682620220865e-01 7.364943662810730984e+00
6.506728429429861293e+00 1.258694953451570953e-01 -1.265832949125833551e-01 7.282747525403006073e+00
6.569397226063286688e+00 1.029819316899418941e-01 -1.034597371381780206e-01 7.202877675573854610e+00
6.633387064033873237e+00 8.010404231978035527e-02 -8.039307180913901618e-02 7.125200433156446245e+00
6.698772921855539408e+00 5.722832694228995043e-02 -5.737578587595848489e-02 7.049591515073192483e+00
6.765634050314877079e+00 3.434736693311710165e-02 -3.440045092150434414e-02 6.975935125620327248e+00
6.834054409031677046e+00 1.145380091123963939e-02 -1.145969906382848791e-02 6.904123145877988144e+00
6.904123145877988144e+00 -1.145969906382829362e-02 1.145380091123904265e-02 6.834054409031677046e+00
6.975935125620325472e+00 -3.440045092150365025e-02 3.434736693311712941e-02 6.765634050314877079e+00
7.049591515073192483e+00 -5.737578587595837387e-02 5.722832694229040840e-02 6.698772921855539408e+00
7.125200433156445357e+00 -8.039307180913987660e-02 8.010404231978096590e-02 6.633387064033873237e+00
7.202877675573854610e+00 -1.034597371381775488e-01 1.029819316899418524e-01 6.569397226063286688e+00
7.282747525403005184e+00 -1.265832949125841878e-01 1.258694953451566789e-01 6.506728429429860405e+00
7.364943662810730096e+00 -1.497713682620226139e-01 1.487743405539099228e-01 6.445309568596754524e+00
7.449610189369317403e+00 -1.730317166016543673e-01 1.717042080322777053e-01 6.385073044021744693e+00
7.536902785236690328e+00 -1.963722634164724590e-01 1.946669998837062820e-01 6.325954423066883159e+00
7.626990020805128445e+00 -2.198011258015406533e-01 2.176708093441597214e-01 6.267892124813266186e+00
7.720054848505468748e+00 -2.433266461311670570e-01 2.407239527101125987e-01 6.210827125142730054e+00
7.816296305441555070e+00 -2.669574262991219471e-01 2.638350038774071038e-01 6.154702678719167430e+00
7.915931463654017008e+00 -2.907023650064041176e-01 2.870128319813405326e-01 6.099464054701503102e+00
8.019197672371497276e+00 -3.145706986574396957e-01 3.102666427051659070e-01 6.045058283150210876e+00
8.126355145985483475e+00 -3.385720465172098459e-01 3.336060239188203269e-01 5.991433909150313042e+00
8.237689963184374520e+00 -3.627164608961833681e-01 3.570409964261678226e-01 5.938540751663746065e+00
8.353517557365528035e+00 -3.870144832712361649e-01 3.805820707429301564e-01 5.886329664035189424e+00
8.474186796980397673e+00 -4.114772074256049517e-01 4.042403110061050242e-01 5.834752292906165039e+00
8.600084778049161827e+00 -4.361163509088716861e-01 4.280274073365468723e-01 5.783760832011456188e+00
8.731642481228250929e+00 -4.609443363902817059e-01 4.519557582560267406e-01 5.733307766944695238e+00
8.869341484754178495e+00 -4.859743848207092043e-01 4.760385651071112889e-01 5.683345606437010922e+00
9.013721975131819164e+00 -5.112206227528943714e-01 5.002899408691661165e-01 5.633826594962248357e+00
9.165392363777916884e+00 -5.366982067221092167e-01 5.247250363262141448e-01 5.584702400528025912e+00
9.325040905508178213e+00 -5.624234682993076717e-01 5.493601872697757571e-01 5.535923770232142438e+00
9.493449831912361248e+00 -5.884140843491904027e-01 5.742130873597436347e-01 5.487440144491234406e+00
9.671512670724514038e+00 -6.146892782278616796e-01 5.993029924970665334e-01 5.439199218624644061e+00
9.860255637971228282e+00 -6.412700592419076084e-01 6.246509641872677321e-01 5.391146437516410650e+00
1.006086428749135564e+01 -6.681795098073823880e-01 6.502801615432005633e-01 5.343224405103338626e+00
1.027471701898715928e+01 -6.954431326025273252e-01 6.762161945042075573e-01 5.295372185048925040e+00
1.050342763665359236e+01 -7.230892739075530651e-01 7.024875548522668822e-01 5.247524461577298460e+00
1.074890000143975044e+01 -7.511496447221923667e-01 7.291261471520549264e-01 5.199610519189740820e+00
1.101339906617671716e+01 -7.796599688328871292e-01 7.561679495399076245e-01 5.151552985555134967e+00
1.129964444122968992e+01 -8.086607978221100890e-01 7.836538454286081645e-01 5.103266261228616152e+00
1.161093546601968995e+01 -8.381985487330465556e-01 8.116306834003035320e-01 5.054654529822264486e+00
1.195132116100867847e+01 -8.683268433942595843e-01 8.401526465973034874e-01 5.005609197693980050e+00
1.232583545070913544e+01 -8.991082636782320447e-01 8.692830493648129320e-01 4.956005544656521877e+00
1.274082955265207318e+01 -9.306166916959918156e-01 8.990967355252630355e-01 4.905698262230627549e+00
1.320445289286993784e+01 -9.629404912280785656e-01 9.296833431144135851e-01 4.854515388299026846e+00
1.372736804351013973e+01 -9.961869303823842614e-01 9.611518495088944292e-01 4.802249870691908562e+00
1.432384755110694741e+01 -1.030488490661618961e+00 9.936370656982909111e-01 4.748647520110030662e+00
1.501352008270553817e+01 -1.066012143915665122e+00 1.027309202648037267e+00 4.693389271610920233e+00
1.582427580994130167e+01 -1.102973494240333086e+00 1.062388483276926365e+00 4.636064099340975631e+00
1.679736728409835678e+01 -1.141659299224057511e+00 1.099168463566035037e+00 4.576125802583386637e+00
1.799698346568096596e+01 -1.182465332025594229e+00 1.138055335769942555e+00 4.512820208026846025e+00
1.952982580968583903e+01 -1.225964587911027692e+00 1.179638926805964161e+00 4.445053741756193055e+00
2.158998029319704060e+01 -1.273041939764316677e+00 1.224833305243775428e+00 4.371133353100499441e+00
2.457981862240861304e+01 -1.325196349697220999e+00 1.275193490681678199e+00 4.288181349955547894e+00
2.952885388744284967e+01 -1.385365751706946646e+00 1.333783608735184423e+00 4.190533791989099477e+00
4.042125349069918627e+01 -1.461129700179252922e+00 1.408565776496104593e+00 4.063502200225269867e+00
1.971949846254946124e+02 -1.608449422270645357e+00 1.559160180474379764e+00 3.797704428941140353e+00
